Frecuencia (Hz)	Nivel (dB)
43,066406	-14,028443
86,132812	-20,940861
129,199219	-22,751518
172,265625	-23,968201
215,332031	-25,148787
258,398438	-26,138529
301,464844	-26,619396
344,531250	-27,074190
387,597656	-27,868692
430,664062	-28,374054
473,730469	-28,922003
516,796875	-29,254583
559,863281	-29,830599
602,929688	-29,986164
645,996094	-30,030287
689,062500	-30,476564
732,128906	-30,826637
775,195312	-31,208527
818,261719	-31,341574
861,328125	-31,396906
904,394531	-31,552967
947,460938	-31,839666
990,527344	-32,250961
1033,593750	-32,499428
1076,660156	-32,461769
1119,726562	-32,843647
1162,792969	-33,107632
1205,859375	-33,068623
1248,925781	-33,281910
1291,992188	-33,400196
1335,058594	-33,548374
1378,125000	-33,737259
1421,191406	-33,795227
1464,257812	-34,524734
1507,324219	-34,503002
1550,390625	-34,467201
1593,457031	-34,633099
1636,523438	-34,634033
1679,589844	-34,772663
1722,656250	-34,806553
1765,722656	-35,212475
1808,789062	-35,144676
1851,855469	-35,242401
1894,921875	-35,555832
1937,988281	-35,587395
1981,054688	-35,457272
2024,121094	-35,661617
2067,187500	-35,818920
2110,253906	-36,085854
2153,320312	-35,989178
2196,386719	-36,156078
2239,453125	-36,061451
2282,519531	-36,061836
2325,585938	-36,256145
2368,652344	-36,305267
2411,718750	-36,535267
2454,785156	-36,674736
2497,851562	-36,776844
2540,917969	-37,178116
2583,984375	-37,148621
2627,050781	-37,021076
2670,117188	-37,097420
2713,183594	-37,488110
2756,250000	-37,661579
2799,316406	-37,478931
2842,382812	-37,249489
2885,449219	-37,339252
2928,515625	-37,507740
2971,582031	-37,606945
3014,648438	-37,658199
3057,714844	-37,735714
3100,781250	-38,010624
3143,847656	-38,156509
3186,914062	-38,436394
3229,980469	-38,350151
3273,046875	-38,369537
3316,113281	-38,436771
3359,179688	-38,141209
3402,246094	-38,283867
3445,312500	-38,380867
3488,378906	-38,518799
3531,445312	-38,628544
3574,511719	-38,556870
3617,578125	-38,933945
3660,644531	-38,971424
3703,710938	-39,140717
3746,777344	-39,021072
3789,843750	-38,992981
3832,910156	-39,162773
3875,976562	-39,155693
3919,042969	-39,240520
3962,109375	-39,300014
4005,175781	-39,245934
4048,242188	-39,275928
4091,308594	-39,479141
4134,375000	-39,596355
4177,441406	-39,733448
4220,507812	-39,787075
4263,574219	-39,910255
4306,640625	-39,973328
4349,707031	-39,866749
4392,773438	-39,922523
4435,839844	-39,737244
4478,906250	-39,881935
4521,972656	-40,041927
4565,039062	-40,074924
4608,105469	-40,147545
4651,171875	-40,263149
4694,238281	-40,405838
4737,304688	-40,410686
4780,371094	-40,148712
4823,437500	-40,194389
4866,503906	-40,382755
4909,570312	-40,274639
4952,636719	-40,238525
4995,703125	-40,409912
5038,769531	-40,714928
5081,835938	-40,989613
5124,902344	-40,942356
5167,968750	-40,758759
5211,035156	-40,724133
5254,101562	-41,038525
5297,167969	-41,042747
5340,234375	-40,964241
5383,300781	-41,001717
5426,367188	-41,066055
5469,433594	-41,298000
5512,500000	-41,220173
5555,566406	-41,326488
5598,632812	-41,096111
5641,699219	-41,129158
5684,765625	-41,088333
5727,832031	-40,870766
5770,898438	-41,338970
5813,964844	-41,310036
5857,031250	-41,255581
5900,097656	-41,287594
5943,164062	-41,456123
5986,230469	-41,484970
6029,296875	-41,545155
6072,363281	-41,604237
6115,429688	-41,647835
6158,496094	-41,567284
6201,562500	-41,617958
6244,628906	-41,871857
6287,695312	-41,750332
6330,761719	-41,852226
6373,828125	-41,983444
6416,894531	-41,584911
6459,960938	-41,769356
6503,027344	-41,877102
6546,093750	-42,145512
6589,160156	-41,848869
6632,226562	-41,880905
6675,292969	-41,903919
6718,359375	-41,963463
6761,425781	-42,087891
6804,492188	-42,046268
6847,558594	-42,049389
6890,625000	-42,136292
6933,691406	-42,337662
6976,757812	-42,350651
7019,824219	-42,455406
7062,890625	-42,361786
7105,957031	-42,226254
7149,023438	-42,347218
7192,089844	-42,327488
7235,156250	-42,426064
7278,222656	-42,420315
7321,289062	-42,410461
7364,355469	-42,348236
7407,421875	-42,242107
7450,488281	-42,571312
7493,554688	-42,617123
7536,621094	-42,520298
7579,687500	-42,280079
7622,753906	-42,348858
7665,820312	-42,451492
7708,886719	-42,608147
7751,953125	-42,854633
7795,019531	-42,585854
7838,085938	-42,576229
7881,152344	-42,839779
7924,218750	-42,783852
7967,285156	-42,778164
8010,351562	-42,786022
8053,417969	-42,984249
8096,484375	-42,927570
8139,550781	-42,724926
8182,617188	-42,874134
8225,683594	-42,702740
8268,750000	-42,969467
8311,816406	-43,192368
8354,882812	-43,054871
8397,949219	-43,193439
8441,015625	-43,112999
8484,082031	-42,911766
8527,148438	-42,878464
8570,214844	-43,135757
8613,281250	-43,007084
8656,347656	-43,418606
8699,414062	-43,456112
8742,480469	-43,120541
8785,546875	-43,111607
8828,613281	-43,475597
8871,679688	-43,381084
8914,746094	-43,256477
8957,812500	-43,133915
9000,878906	-43,150417
9043,945312	-43,326435
9087,011719	-43,388969
9130,078125	-43,366791
9173,144531	-43,600731
9216,210938	-43,530025
9259,277344	-43,298794
9302,343750	-43,139568
9345,410156	-43,440140
9388,476562	-43,750626
9431,542969	-43,699245
9474,609375	-43,660740
9517,675781	-43,492718
9560,742188	-43,499817
9603,808594	-43,641178
9646,875000	-43,495380
9689,941406	-43,656124
9733,007812	-43,757183
9776,074219	-43,675220
9819,140625	-43,702148
9862,207031	-43,731007
9905,273438	-43,912449
9948,339844	-43,813572
9991,406250	-43,901558
10034,472656	-43,738510
10077,539062	-43,510639
10120,605469	-43,568584
10163,671875	-43,853989
10206,738281	-43,771793
10249,804688	-43,900620
10292,871094	-43,840031
10335,937500	-43,785976
10379,003906	-43,704311
10422,070312	-43,947559
10465,136719	-44,083260
10508,203125	-44,179371
10551,269531	-43,979050
10594,335938	-43,924034
10637,402344	-43,743092
10680,468750	-43,776592
10723,535156	-43,946537
10766,601562	-44,045090
10809,667969	-44,081837
10852,734375	-43,831112
10895,800781	-43,709309
10938,867188	-43,891922
10981,933594	-44,068542
11025,000000	-44,191944
11068,066406	-44,042583
11111,132812	-44,045670
11154,199219	-44,154999
11197,265625	-44,303608
11240,332031	-44,289707
11283,398438	-44,250980
11326,464844	-44,182400
11369,531250	-44,180180
11412,597656	-44,286068
11455,664062	-44,104019
11498,730469	-44,121300
11541,796875	-44,332214
11584,863281	-44,343391
11627,929688	-44,499634
11670,996094	-44,429161
11714,062500	-44,128181
11757,128906	-43,876381
11800,195312	-43,748257
11843,261719	-44,008186
11886,328125	-43,997978
11929,394531	-44,141029
11972,460938	-44,499863
12015,527344	-44,438030
12058,593750	-44,218189
12101,660156	-44,286598
12144,726562	-44,198360
12187,792969	-44,251396
12230,859375	-44,404327
12273,925781	-44,552891
12316,992188	-44,525791
12360,058594	-44,311462
12403,125000	-44,331665
12446,191406	-44,244789
12489,257812	-44,097256
12532,324219	-44,153275
12575,390625	-44,468807
12618,457031	-44,434406
12661,523438	-44,266438
12704,589844	-44,470963
12747,656250	-44,524227
12790,722656	-44,311089
12833,789062	-44,251556
12876,855469	-43,951183
12919,921875	-44,153893
12962,988281	-44,325958
13006,054688	-44,213398
13049,121094	-44,289829
13092,187500	-44,535961
13135,253906	-44,627254
13178,320312	-44,224930
13221,386719	-44,340305
13264,453125	-44,459961
13307,519531	-44,537186
13350,585938	-44,551643
13393,652344	-44,597122
13436,718750	-44,500195
13479,785156	-44,406540
13522,851562	-44,490875
13565,917969	-44,588402
13608,984375	-44,591118
13652,050781	-44,371922
13695,117188	-44,465904
13738,183594	-44,615292
13781,250000	-44,537064
13824,316406	-44,683090
13867,382812	-44,637646
13910,449219	-44,472633
13953,515625	-44,668804
13996,582031	-44,768791
14039,648438	-44,801991
14082,714844	-44,631187
14125,781250	-44,569485
14168,847656	-44,691101
14211,914062	-44,776226
14254,980469	-44,897022
14298,046875	-45,122791
14341,113281	-44,738499
14384,179688	-44,516998
14427,246094	-44,687519
14470,312500	-44,889427
14513,378906	-45,154434
14556,445312	-44,941780
14599,511719	-44,729225
14642,578125	-44,619411
14685,644531	-44,662563
14728,710938	-44,694546
14771,777344	-44,887218
14814,843750	-44,939648
14857,910156	-44,855545
14900,976562	-44,698536
14944,042969	-44,665901
14987,109375	-44,643417
15030,175781	-44,622963
15073,242188	-44,687237
15116,308594	-44,652309
15159,375000	-44,810143
15202,441406	-44,885441
15245,507812	-44,608658
15288,574219	-44,759060
15331,640625	-44,983833
15374,707031	-44,779297
15417,773438	-44,705105
15460,839844	-44,877174
15503,906250	-44,884094
15546,972656	-44,845112
15590,039062	-44,817921
15633,105469	-44,922443
15676,171875	-44,875301
15719,238281	-44,780540
15762,304688	-44,761765
15805,371094	-44,676743
15848,437500	-44,861240
15891,503906	-44,766399
15934,570312	-44,880135
15977,636719	-44,845940
16020,703125	-45,055103
16063,769531	-45,132080
16106,835938	-44,935074
16149,902344	-44,879204
16192,968750	-44,615376
16236,035156	-44,472176
16279,101562	-44,607914
16322,167969	-45,039898
16365,234375	-45,134987
16408,300781	-45,246300
16451,367188	-45,091366
16494,433594	-45,069881
16537,500000	-44,880268
16580,566406	-44,814781
16623,632812	-44,969017
16666,699219	-45,019524
16709,765625	-45,142815
16752,832031	-44,970505
16795,898438	-45,070839
16838,964844	-44,819557
16882,031250	-44,902748
16925,097656	-44,921246
16968,164062	-45,115829
17011,230469	-44,919571
17054,296875	-44,835773
17097,363281	-44,894901
17140,429688	-45,003769
17183,496094	-45,125515
17226,562500	-44,906200
17269,628906	-44,920998
17312,695312	-45,040974
17355,761719	-45,065582
17398,828125	-45,153610
17441,894531	-44,994522
17484,960938	-45,181168
17528,027344	-45,232643
17571,093750	-45,178360
17614,160156	-44,973194
17657,226562	-45,063953
17700,292969	-45,033161
17743,359375	-45,032036
17786,425781	-45,153061
17829,492188	-45,043423
17872,558594	-45,023399
17915,625000	-45,051846
17958,691406	-45,013485
18001,757812	-45,086544
18044,824219	-45,344681
18087,890625	-45,211422
18130,957031	-45,106777
18174,023438	-45,007603
18217,089844	-44,958328
18260,156250	-45,225628
18303,222656	-45,090397
18346,289062	-45,173084
18389,355469	-45,019276
18432,421875	-45,049389
18475,488281	-45,155663
18518,554688	-45,300800
18561,621094	-44,932678
18604,687500	-44,857533
18647,753906	-44,950493
18690,820312	-44,778648
18733,886719	-44,849888
18776,953125	-45,100479
18820,019531	-45,235275
18863,085938	-45,179356
18906,152344	-45,049374
18949,218750	-44,971207
18992,285156	-45,059013
19035,351562	-45,165268
19078,417969	-44,909374
19121,484375	-44,743557
19164,550781	-44,766499
19207,617188	-45,052155
19250,683594	-45,161537
19293,750000	-45,266277
19336,816406	-45,334393
19379,882812	-45,266754
19422,949219	-45,362831
19466,015625	-44,952946
19509,082031	-44,876236
19552,148438	-45,179825
19595,214844	-45,432178
19638,281250	-45,562847
19681,347656	-45,313992
19724,414062	-45,243565
19767,480469	-45,255943
19810,546875	-45,212517
19853,613281	-45,303776
19896,679688	-45,381390
19939,746094	-45,258110
19982,812500	-45,063614
20025,878906	-45,489925
20068,945312	-45,405453
20112,011719	-45,194977
20155,078125	-45,124916
20198,144531	-45,067379
20241,210938	-45,006641
20284,277344	-44,972301
20327,343750	-44,900730
20370,410156	-44,893307
20413,476562	-45,164104
20456,542969	-45,201027
20499,609375	-45,274006
20542,675781	-45,246887
20585,742188	-45,234001
20628,808594	-45,169888
20671,875000	-45,055534
20714,941406	-44,971268
20758,007812	-45,187092
20801,074219	-45,418789
20844,140625	-45,250668
20887,207031	-45,164619
20930,273438	-45,034668
20973,339844	-44,986343
21016,406250	-45,277081
21059,472656	-45,378777
21102,539062	-45,135906
21145,605469	-45,197857
21188,671875	-45,361309
21231,738281	-45,097431
21274,804688	-45,260082
21317,871094	-45,296505
21360,937500	-45,410259
21404,003906	-45,016636
21447,070312	-45,013790
21490,136719	-45,141346
21533,203125	-44,840672
21576,269531	-44,928169
21619,335938	-45,004742
21662,402344	-45,336506
21705,468750	-45,279606
21748,535156	-45,105190
21791,601562	-45,183235
21834,667969	-45,316414
21877,734375	-45,328953
21920,800781	-45,121559
21963,867188	-45,042233
22006,933594	-45,154068
